0.000000000000000000e+00 0.000000000000000000e+00 -0.000000000000000000e+00 -0.000000000000000000e+00 0.000000000000000000e+00 1.311764243862754382e-06
0.000000000000000000e+00 1.570796326794896558e+00 -3.887879571550642011e-01 -0.000000000000000000e+00 5.118490559136564672e-02 1.311764243862754382e-06
0.000000000000000000e+00 3.141592653589793116e+00 -7.510806575324885381e-01 -0.000000000000000000e+00 2.012514556364669305e-01 1.311764243862754382e-06
0.000000000000000000e+00 4.712388980384689674e+00 -1.062188452318547416e+00 -0.000000000000000000e+00 4.399728627464299380e-01 1.311764243862754382e-06
0.000000000000000000e+00 6.283185307179586232e+00 -1.300909859428510229e+00 -0.000000000000000000e+00 7.510806575324884271e-01 1.311764243862754382e-06
2.617993877991494078e-01 0.000000000000000000e+00 -0.000000000000000000e+00 -0.000000000000000000e+00 0.000000000000000000e+00 5.307130706129943937e-07
2.617993877991494078e-01 1.570796326794896558e+00 -2.380639636384938634e-17 -3.887879571550642011e-01 5.118490559136564672e-02 1.115269406260789503e-06
2.617993877991494078e-01 3.141592653589793116e+00 -4.599042615743257749e-17 -7.510806575324885381e-01 2.012514556364669305e-01 5.307130705960355235e-07
2.617993877991494078e-01 4.712388980384689674e+00 -6.504028441115950134e-17 -1.062188452318547416e+00 4.399728627464299380e-01 1.115269406256267617e-06
2.617993877991494078e-01 6.283185307179586232e+00 -7.965775476641791037e-17 -1.300909859428510229e+00 7.510806575324884271e-01 5.307130706129943937e-07
5.235987755982988157e-01 0.000000000000000000e+00 0.000000000000000000e+00 -0.000000000000000000e+00 0.000000000000000000e+00 6.477725775340071344e-09
5.235987755982988157e-01 1.570796326794896558e+00 3.887879571550642011e-01 -4.761279272769877268e-17 5.118490559136564672e-02 6.368706673902920253e-07
5.235987755982988157e-01 3.141592653589793116e+00 7.510806575324885381e-01 -9.198085231486515498e-17 2.012514556364669305e-01 6.477725767904715217e-09
5.235987755982988157e-01 4.712388980384689674e+00 1.062188452318547416e+00 -1.300805688223190027e-16 4.399728627464299380e-01 6.368706673757866919e-07
5.235987755982988157e-01 6.283185307179586232e+00 1.300909859428510229e+00 -1.593155095328358207e-16 7.510806575324884271e-01 6.477725775340068035e-09
7.853981633974482790e-01 0.000000000000000000e+00 0.000000000000000000e+00 0.000000000000000000e+00 0.000000000000000000e+00 1.480944311834916994e-08
7.853981633974482790e-01 1.570796326794896558e+00 7.141918909154814670e-17 3.887879571550642011e-01 5.118490559136564672e-02 1.846449237585446414e-07
7.853981633974482790e-01 3.141592653589793116e+00 1.379712784722977078e-16 7.510806575324885381e-01 2.012514556364669305e-01 1.480944313663523484e-08
7.853981633974482790e-01 4.712388980384689674e+00 1.951208532334785040e-16 1.062188452318547416e+00 4.399728627464299380e-01 1.846449237470517278e-07
7.853981633974482790e-01 6.283185307179586232e+00 2.389732642992536941e-16 1.300909859428510229e+00 7.510806575324884271e-01 1.480944311834916994e-08
1.047197551196597631e+00 0.000000000000000000e+00 -0.000000000000000000e+00 0.000000000000000000e+00 0.000000000000000000e+00 1.187487063450609914e-09
1.047197551196597631e+00 1.570796326794896558e+00 -3.887879571550642011e-01 9.522558545539754537e-17 5.118490559136564672e-02 4.735814376676165867e-09
1.047197551196597631e+00 3.141592653589793116e+00 -7.510806575324885381e-01 1.839617046297303100e-16 2.012514556364669305e-01 1.187487066685744929e-09
1.047197551196597631e+00 4.712388980384689674e+00 -1.062188452318547416e+00 2.601611376446380053e-16 4.399728627464299380e-01 4.735814366625321718e-09
1.047197551196597631e+00 6.283185307179586232e+00 -1.300909859428510229e+00 3.186310190656716415e-16 7.510806575324884271e-01 1.187487063450611155e-09
