0.000000000000000000e+00 0.000000000000000000e+00 0.000000000000000000e+00 0.000000000000000000e+00 0.000000000000000000e+00 1.373367722003747344e-06
0.000000000000000000e+00 6.981317007977317912e-01 2.321121530064783611e-01 0.000000000000000000e+00 1.804118350404494350e-02 1.373367722003747344e-06
0.000000000000000000e+00 1.396263401595463582e+00 4.586489022212173472e-01 0.000000000000000000e+00 7.173137935717961711e-02 1.373367722003747132e-06
0.000000000000000000e+00 2.094395102393195263e+00 6.741687667300098052e-01 0.000000000000000000e+00 1.597809328917724203e-01 1.373367722003747344e-06
0.000000000000000000e+00 2.792526803190927165e+00 8.734948945058795822e-01 0.000000000000000000e+00 2.800748673249230936e-01 1.373367722003747132e-06
0.000000000000000000e+00 3.490658503988659067e+00 1.051839411953240377e+00 0.000000000000000000e+00 4.297236861374935102e-01 1.373367722003747344e-06
0.000000000000000000e+00 4.188790204786390525e+00 1.204918430073034674e+00 0.000000000000000000e+00 6.051327796503700451e-01 1.373367722003747344e-06
0.000000000000000000e+00 4.886921905584122428e+00 1.329054944766140833e+00 0.000000000000000000e+00 8.020887686311006792e-01 1.373367722003747344e-06
0.000000000000000000e+00 5.585053606381854330e+00 1.421267159578781580e+00 0.000000000000000000e+00 1.015860710931480337e+00 1.373367722003747344e-06
0.000000000000000000e+00 6.283185307179586232e+00 1.479340109351003907e+00 0.000000000000000000e+00 1.241313740142184097e+00 1.373367722003747344e-06
1.551403779550515061e-01 0.000000000000000000e+00 0.000000000000000000e+00 0.000000000000000000e+00 0.000000000000000000e+00 1.004109167303776884e-06
1.551403779550515061e-01 6.981317007977317912e-01 1.778082249909947732e-01 1.491988160102304950e-01 1.804118350404494350e-02 1.117801804367900816e-06
1.551403779550515061e-01 1.396263401595463582e+00 3.513454428891831238e-01 2.948138315441315993e-01 7.173137935717961711e-02 1.285574064874702723e-06
1.551403779550515061e-01 2.094395102393195263e+00 5.164432374778985535e-01 4.333473300917050075e-01 1.597809328917724203e-01 1.216213692043954030e-06
1.551403779550515061e-01 2.792526803190927165e+00 6.691359100290270590e-01 5.614716953128301435e-01 2.800748673249230936e-01 1.034169704484274769e-06
1.551403779550515061e-01 3.490658503988659067e+00 8.057557365803134086e-01 6.761093413835184140e-01 4.297236861374935102e-01 1.035881354361477263e-06
1.551403779550515061e-01 4.188790204786390525e+00 9.230210677690913190e-01 7.745066375339034748e-01 6.051327796503700451e-01 1.216895097359936328e-06
1.551403779550515061e-01 4.886921905584122428e+00 1.018115155037902397e+00 8.543000510883030918e-01 8.020887686311006792e-01 1.285563590925163350e-06
1.551403779550515061e-01 5.585053606381854330e+00 1.088753809782819548e+00 9.135729202316222874e-01 1.015860710931480337e+00 1.115990229688280351e-06
1.551403779550515061e-01 6.283185307179586232e+00 1.133240270251357984e+00 9.509014928031553904e-01 1.241313740142184097e+00 1.004109167303776884e-06
3.102807559101030122e-01 0.000000000000000000e+00 0.000000000000000000e+00 0.000000000000000000e+00 0.000000000000000000e+00 3.614765454738014766e-07
3.102807559101030122e-01 6.981317007977317912e-01 4.030585238392269537e-02 2.285858478491357981e-01 1.804118350404494350e-02 5.884539522655982922e-07
3.102807559101030122e-01 1.396263401595463582e+00 7.964354605965254241e-02 4.516809948179929535e-01 7.173137935717961711e-02 1.044196924883295439e-06
3.102807559101030122e-01 2.094395102393195263e+00 1.170681777826281106e-01 6.639266283143924197e-01 1.597809328917724203e-01 8.353906459600471819e-07
3.102807559101030122e-01 2.792526803190927165e+00 1.516807966323136247e-01 8.602245443259709523e-01 2.800748673249230936e-01 4.106811381409195687e-07
3.102807559101030122e-01 3.490658503988659067e+00 1.826499970839359221e-01 1.035859607815352801e+00 4.297236861374935102e-01 4.209853157363166473e-07
3.102807559101030122e-01 4.188790204786390525e+00 2.092318896194811928e-01 1.186613011683222751e+00 6.051327796503700451e-01 8.363584313409824624e-07
3.102807559101030122e-01 4.886921905584122428e+00 2.307879691778632059e-01 1.308863613784907454e+00 8.020887686311006792e-01 1.047103750439642443e-06
3.102807559101030122e-01 5.585053606381854330e+00 2.468004522387098332e-01 1.399674917854823342e+00 1.015860710931480337e+00 5.775733850467803592e-07
3.102807559101030122e-01 6.283185307179586232e+00 2.568847141383994170e-01 1.456865609030796316e+00 1.241313740142184097e+00 3.614765454738016884e-07
4.654211338651544905e-01 0.000000000000000000e+00 -0.000000000000000000e+00 0.000000000000000000e+00 0.000000000000000000e+00 3.802878993783606190e-08
4.654211338651544905e-01 6.981317007977317912e-01 -1.160560765032391389e-01 2.010150210307108665e-01 1.804118350404494350e-02 1.818059915743910681e-07
4.654211338651544905e-01 1.396263401595463582e+00 -2.293244511106085626e-01 3.972016007414193584e-01 7.173137935717961711e-02 7.168399289989809789e-07
4.654211338651544905e-01 2.094395102393195263e+00 -3.370843833650047361e-01 5.838472784262138671e-01 1.597809328917724203e-01 4.303851234215576256e-07
4.654211338651544905e-01 2.792526803190927165e+00 -4.367474472529395690e-01 7.564687687181002040e-01 2.800748673249230936e-01 5.663588777354994603e-08
4.654211338651544905e-01 3.490658503988659067e+00 -5.259197059766199667e-01 9.109196514531916478e-01 4.297236861374935102e-01 6.920893253596766711e-08
4.654211338651544905e-01 4.188790204786390525e+00 -6.024592150365171150e-01 1.043489969931312045e+00 6.051327796503700451e-01 4.290813302539305599e-07
4.654211338651544905e-01 4.886921905584122428e+00 -6.645274723830700836e-01 1.150995345192802111e+00 8.020887686311006792e-01 7.285185712279691959e-07
4.654211338651544905e-01 5.585053606381854330e+00 -7.106335797893905681e-01 1.230853465759776944e+00 1.015860710931480337e+00 1.634621457322875725e-07
4.654211338651544905e-01 6.283185307179586232e+00 -7.396700546755016203e-01 1.281146115535219066e+00 1.241313740142184097e+00 3.802878993783604867e-08
6.205615118202060243e-01 0.000000000000000000e+00 -0.000000000000000000e+00 0.000000000000000000e+00 0.000000000000000000e+00 3.148625762308959129e-09
6.205615118202060243e-01 6.981317007977317912e-01 -2.181140773749174200e-01 7.938703183890531700e-02 1.804118350404494350e-02 2.546043953921009529e-08
6.205615118202060243e-01 1.396263401595463582e+00 -4.309889889488355830e-01 1.568671632738614652e-01 7.173137935717961711e-02 3.959607278806716929e-07
6.205615118202060243e-01 2.094395102393195263e+00 -6.335114152605265669e-01 2.305792982226873566e-01 1.597809328917724203e-01 1.555282588759792635e-07
6.205615118202060243e-01 2.792526803190927165e+00 -8.208167066613404339e-01 2.987528490131409198e-01 2.800748673249230936e-01 1.842710713969413110e-09
6.205615118202060243e-01 3.490658503988659067e+00 -9.884057336642491087e-01 3.597502664318345533e-01 4.297236861374935102e-01 2.407038189952147183e-09
6.205615118202060243e-01 4.188790204786390525e+00 -1.132252957388572234e+00 4.121063741493192767e-01 6.051327796503700451e-01 1.503108495417747767e-07
6.205615118202060243e-01 4.886921905584122428e+00 -1.248903124215765548e+00 4.545635626966044174e-01 8.020887686311006792e-01 4.173853694120114270e-07
6.205615118202060243e-01 5.585053606381854330e+00 -1.335554262021529270e+00 4.861019976232012207e-01 1.015860710931480337e+00 1.534381952340430316e-08
6.205615118202060243e-01 6.283185307179586232e+00 -1.390124984389756957e+00 5.059641162276410364e-01 1.241313740142184097e+00 3.148625762308962438e-09
7.757018897752575581e-01 0.000000000000000000e+00 -0.000000000000000000e+00 -0.000000000000000000e+00 0.000000000000000000e+00 1.506419065585703479e-08
7.757018897752575581e-01 6.981317007977317912e-01 -2.181140773749174200e-01 -7.938703183890526149e-02 1.804118350404494350e-02 8.968594884704554339e-09
7.757018897752575581e-01 1.396263401595463582e+00 -4.309889889488355830e-01 -1.568671632738613542e-01 7.173137935717961711e-02 1.598314627558551497e-07
7.757018897752575581e-01 2.094395102393195263e+00 -6.335114152605266780e-01 -2.305792982226872179e-01 1.597809328917724203e-01 3.830869683768498394e-08
7.757018897752575581e-01 2.792526803190927165e+00 -8.208167066613405449e-01 -2.987528490131407533e-01 2.800748673249230936e-01 1.793654114797598720e-08
7.757018897752575581e-01 3.490658503988659067e+00 -9.884057336642492197e-01 -3.597502664318343313e-01 4.297236861374935102e-01 1.253455906771738184e-08
7.757018897752575581e-01 4.188790204786390525e+00 -1.132252957388572456e+00 -4.121063741493190546e-01 6.051327796503700451e-01 2.923191085975957864e-08
7.757018897752575581e-01 4.886921905584122428e+00 -1.248903124215765548e+00 -4.545635626966040843e-01 8.020887686311006792e-01 1.844166114486413449e-07
7.757018897752575581e-01 5.585053606381854330e+00 -1.335554262021529270e+00 -4.861019976232008322e-01 1.015860710931480337e+00 1.122511880016891135e-08
7.757018897752575581e-01 6.283185307179586232e+00 -1.390124984389757179e+00 -5.059641162276407034e-01 1.241313740142184097e+00 1.506419065585702486e-08
9.308422677303089809e-01 0.000000000000000000e+00 -0.000000000000000000e+00 -0.000000000000000000e+00 0.000000000000000000e+00 6.691285138517690090e-09
9.308422677303089809e-01 6.981317007977317912e-01 -1.160560765032392916e-01 -2.010150210307107832e-01 1.804118350404494350e-02 1.853534536151253461e-08
9.308422677303089809e-01 1.396263401595463582e+00 -2.293244511106088679e-01 -3.972016007414191363e-01 7.173137935717961711e-02 3.613274896483789492e-08
9.308422677303089809e-01 2.094395102393195263e+00 -3.370843833650051802e-01 -5.838472784262135340e-01 1.597809328917724203e-01 1.593971579223878718e-08
9.308422677303089809e-01 2.792526803190927165e+00 -4.367474472529401797e-01 -7.564687687180997600e-01 2.800748673249230936e-01 1.179496051883192938e-08
9.308422677303089809e-01 3.490658503988659067e+00 -5.259197059766206328e-01 -9.109196514531913147e-01 4.297236861374935102e-01 1.121261074611786607e-08
9.308422677303089809e-01 4.188790204786390525e+00 -6.024592150365178922e-01 -1.043489969931311601e+00 6.051327796503700451e-01 6.324240479144606054e-09
9.308422677303089809e-01 4.886921905584122428e+00 -6.645274723830709718e-01 -1.150995345192801445e+00 8.020887686311006792e-01 5.697848891989955124e-08
9.308422677303089809e-01 5.585053606381854330e+00 -7.106335797893914563e-01 -1.230853465759776055e+00 1.015860710931480337e+00 2.074752019802094473e-08
9.308422677303089809e-01 6.283185307179586232e+00 -7.396700546755026195e-01 -1.281146115535218399e+00 1.241313740142184097e+00 6.691285138517686781e-09
1.085982645685360515e+00 0.000000000000000000e+00 0.000000000000000000e+00 -0.000000000000000000e+00 0.000000000000000000e+00 5.073094564686025474e-10
1.085982645685360515e+00 6.981317007977317912e-01 4.030585238392259129e-02 -2.285858478491358259e-01 1.804118350404494350e-02 2.029730599041383826e-08
1.085982645685360515e+00 1.396263401595463582e+00 7.964354605965234812e-02 -4.516809948179930090e-01 7.173137935717961711e-02 7.672255467859909445e-10
1.085982645685360515e+00 2.094395102393195263e+00 1.170681777826278053e-01 -6.639266283143925307e-01 1.597809328917724203e-01 1.957770388901496694e-08
1.085982645685360515e+00 2.792526803190927165e+00 1.516807966323132362e-01 -8.602245443259709523e-01 2.800748673249230936e-01 2.426720513663361319e-09
1.085982645685360515e+00 3.490658503988659067e+00 1.826499970839354503e-01 -1.035859607815353023e+00 4.297236861374935102e-01 4.658615211274767371e-09
1.085982645685360515e+00 4.188790204786390525e+00 2.092318896194806932e-01 -1.186613011683222751e+00 6.051327796503700451e-01 1.915183417006168182e-08
1.085982645685360515e+00 4.886921905584122428e+00 2.307879691778625952e-01 -1.308863613784907454e+00 8.020887686311006792e-01 1.346018912754669446e-08
1.085982645685360515e+00 5.585053606381854330e+00 2.468004522387091948e-01 -1.399674917854823342e+00 1.015860710931480337e+00 1.453142189595902092e-08
1.085982645685360515e+00 6.283185307179586232e+00 2.568847141383987509e-01 -1.456865609030796538e+00 1.241313740142184097e+00 5.073094564686032712e-10
1.241123023640412049e+00 0.000000000000000000e+00 0.000000000000000000e+00 -0.000000000000000000e+00 0.000000000000000000e+00 7.472238087241951337e-11
1.241123023640412049e+00 6.981317007977317912e-01 1.778082249909947177e-01 -1.491988160102305783e-01 1.804118350404494350e-02 1.769894077493991436e-08
1.241123023640412049e+00 1.396263401595463582e+00 3.513454428891830128e-01 -2.948138315441317658e-01 7.173137935717961711e-02 7.367261763780035524e-09
1.241123023640412049e+00 2.094395102393195263e+00 5.164432374778984425e-01 -4.333473300917052851e-01 1.597809328917724203e-01 1.927658736752431872e-08
1.241123023640412049e+00 2.792526803190927165e+00 6.691359100290268369e-01 -5.614716953128304766e-01 2.800748673249230936e-01 1.339727574959472634e-10
1.241123023640412049e+00 3.490658503988659067e+00 8.057557365803132976e-01 -6.761093413835188581e-01 4.297236861374935102e-01 1.343740181826636197e-09
1.241123023640412049e+00 4.188790204786390525e+00 9.230210677690909860e-01 -7.745066375339039189e-01 6.051327796503700451e-01 3.804945988039608233e-08
1.241123023640412049e+00 4.886921905584122428e+00 1.018115155037902397e+00 -8.543000510883035359e-01 8.020887686311006792e-01 6.924058159624679046e-09
1.241123023640412049e+00 5.585053606381854330e+00 1.088753809782819326e+00 -9.135729202316227315e-01 1.015860710931480337e+00 6.455484456271707699e-09
1.241123023640412049e+00 6.283185307179586232e+00 1.133240270251357762e+00 -9.509014928031558345e-01 1.241313740142184097e+00 7.472238087241984941e-11
1.396263401595463582e+00 0.000000000000000000e+00 0.000000000000000000e+00 -0.000000000000000000e+00 0.000000000000000000e+00 8.763281455952642896e-11
1.396263401595463582e+00 6.981317007977317912e-01 2.321121530064783611e-01 -5.685108104451688712e-17 1.804118350404494350e-02 1.564146949650956252e-08
1.396263401595463582e+00 1.396263401595463582e+00 4.586489022212173472e-01 -1.123365820075322473e-16 7.173137935717961711e-02 1.726388165064165833e-08
1.396263401595463582e+00 2.094395102393195263e+00 6.741687667300098052e-01 -1.651237244522050072e-16 1.597809328917724203e-01 1.506661820127106483e-08
1.396263401595463582e+00 2.792526803190927165e+00 8.734948945058795822e-01 -2.139445453256360640e-16 2.800748673249230936e-01 9.533564421431955934e-11
1.396263401595463582e+00 3.490658503988659067e+00 1.051839411953240377e+00 -2.576263538131140229e-16 4.297236861374935102e-01 3.713805664350936337e-10
1.396263401595463582e+00 4.188790204786390525e+00 1.204918430073034674e+00 -2.951198997245191908e-16 6.051327796503700451e-01 5.070106354222760723e-08
1.396263401595463582e+00 4.886921905584122428e+00 1.329054944766140833e+00 -3.255245767997633048e-16 8.020887686311006792e-01 4.484068212723575602e-09
1.396263401595463582e+00 5.585053606381854330e+00 1.421267159578781580e+00 -3.481100555422810713e-16 1.015860710931480337e+00 3.827677487937500774e-09
1.396263401595463582e+00 6.283185307179586232e+00 1.479340109351003907e+00 -3.623338259534004423e-16 1.241313740142184097e+00 8.763281455952646774e-11
